4, 4:  [0 2 3]  [1]
4, 5:  [0 2 3 4]  [1]
4, 6:  [0 2 3 4]  [1 1]
4, 7:  [0 2 3 5]  [1 1]
4, 8:  [0 2 3]  [1 2 1 1]
4, 9:  [0 2 3]  [1 2 1 1]
4, 10:  [0 2 3]  [1 2 1 2 1]
4, 11:  [0 2 3]  [1 2 1 2 1]
4, 12:  [0 2 3]  [1 2 3 1 2 1 2]
4, 13:  [0 2 3]  [2 3 1 2 1 2]
4, 14:  [0 2 3]  [2 3 1 2 3 1 2]
4, 15:  [0 2 3]  [2 3 2 3 1 2]
4, 16:  [0 2 3]  [2 3 4 2 3 1 2 3]
4, 17:  [0 2 3]  [3 4 2 3 2 3]
4, 18:  [0 2 3]  [3 4 2 3 4 2 3]
4, 19:  [0 2 3]  [3 4 3 4 2 3]
4, 20:  [0 2 3]  [3 4 5 3 4 2 3 4]
4, 21:  [0 2 3]  [4 5 3 4 3 4]
4, 22:  [0 2 3]  [4 5 3 4 5 3 4]
4, 23:  [0 2 3]  [4 5 4 5 3 4]
4, 24:  [0 2 3]  [4 5 6 4 5 3 4 5]
4, 25:  [0 2 3]  [5 6 4 5 4 5]
4, 26:  [0 2 3]  [5 6 4 5 6 4 5]
4, 27:  [0 2 3]  [5 6 5 6 4 5]
4, 28:  [0 2 3]  [5 6 7 5 6 4 5 6]
4, 29:  [0 2 3]  [6 7 5 6 5 6]
4, 30:  [0 2 3]  [6 7 5 6 7 5 6]
4, 31:  [0 2 3]  [6 7 6 7 5 6]
4, 32:  [0 2 3]  [6 7 8 6 7 5 6 7]
4, 33:  [0 2 3]  [7 8 6 7 6 7]
4, 34:  [0 2 3]  [7 8 6 7 8 6 7]
4, 35:  [0 2 3]  [7 8 7 8 6 7]
4, 36:  [0 2 3]  [7 8 9 7 8 6 7 8]
4, 37:  [0 2 3]  [8 9 7 8 7 8]
4, 38:  [0 2 3]  [8 9 7 8 9 7 8]
4, 39:  [0 2 3]  [8 9 8 9 7 8]
4, 40:  [0 2 3]  [8 9 10 8 9 7 8 9]
4, 41:  [0 2 3]  [9 10 8 9 8 9]
4, 42:  [0 2 3]  [9 10 8 9 10 8 9]
4, 43:  [0 2 3]  [9 10 9 10 8 9]
4, 44:  [0 2 3]  [9 10 11 9 10 8 9 10]
4, 45:  [0 2 3]  [10 11 9 10 9 10]
4, 46:  [0 2 3]  [10 11 9 10 11 9 10]
4, 47:  [0 2 3]  [10 11 10 11 9 10]
4, 48:  [0 2 3]  [10 11 12 10 11 9 10 11]
4, 49:  [0 2 3]  [11 12 10 11 10 11]
5, 5:  [0 2 3 4]  [1]
5, 6:  [0 2 3 4]  [1 1]
5, 7:  [0 2 3 4 5]  [1 1]
5, 8:  [0 2 3 5]  [1 2 1 1]
5, 9:  [0 2 3 6]  [1 2 1 1]
5, 10:  [0 2 3]  [1 2 1 2 1]
5, 11:  [0 2 3]  [1 2 1 2 1]
5, 12:  [0 2 3]  [1 2 3 1 2 1 2]
5, 13:  [0 2 3]  [2 3 1 2 1 2]
5, 14:  [0 2 3]  [2 3 1 2 3 1 2]
5, 15:  [0 2 3]  [2 3 2 3 1 2]
5, 16:  [0 2 3]  [2 3 4 2 3 1 2 3]
5, 17:  [0 2 3]  [3 4 2 3 2 3]
5, 18:  [0 2 3]  [3 4 2 3 4 2 3]
5, 19:  [0 2 3]  [3 4 3 4 2 3]
5, 20:  [0 2 3]  [3 4 5 3 4 2 3 4]
5, 21:  [0 2 3]  [4 5 3 4 3 4]
5, 22:  [0 2 3]  [4 5 3 4 5 3 4]
5, 23:  [0 2 3]  [4 5 4 5 3 4]
5, 24:  [0 2 3]  [4 5 6 4 5 3 4 5]
5, 25:  [0 2 3]  [5 6 4 5 4 5]
5, 26:  [0 2 3]  [5 6 4 5 6 4 5]
5, 27:  [0 2 3]  [5 6 5 6 4 5]
5, 28:  [0 2 3]  [5 6 7 5 6 4 5 6]
5, 29:  [0 2 3]  [6 7 5 6 5 6]
5, 30:  [0 2 3]  [6 7 5 6 7 5 6]
5, 31:  [0 2 3]  [6 7 6 7 5 6]
5, 32:  [0 2 3]  [6 7 8 6 7 5 6 7]
5, 33:  [0 2 3]  [7 8 6 7 6 7]
5, 34:  [0 2 3]  [7 8 6 7 8 6 7]
5, 35:  [0 2 3]  [7 8 7 8 6 7]
5, 36:  [0 2 3]  [7 8 9 7 8 6 7 8]
5, 37:  [0 2 3]  [8 9 7 8 7 8]
5, 38:  [0 2 3]  [8 9 7 8 9 7 8]
5, 39:  [0 2 3]  [8 9 8 9 7 8]
5, 40:  [0 2 3]  [8 9 10 8 9 7 8 9]
5, 41:  [0 2 3]  [9 10 8 9 8 9]
5, 42:  [0 2 3]  [9 10 8 9 10 8 9]
5, 43:  [0 2 3]  [9 10 9 10 8 9]
5, 44:  [0 2 3]  [9 10 11 9 10 8 9 10]
5, 45:  [0 2 3]  [10 11 9 10 9 10]
5, 46:  [0 2 3]  [10 11 9 10 11 9 10]
5, 47:  [0 2 3]  [10 11 10 11 9 10]
5, 48:  [0 2 3]  [10 11 12 10 11 9 10 11]
5, 49:  [0 2 3]  [11 12 10 11 10 11]
6, 6:  [3 4]  [1 1]
6, 7:  [3 4 5]  [1 1]
6, 8:  [3 4 5]  [1 2 1 1]
6, 9:  [3 4 6]  [1 2 1 1]
6, 10:  [3 4]  [1 2 1 2]
6, 11:  [3 4]  [1 2 1 2]
6, 12:  [3 4]  [1 2 3 1 2]
6, 13:  [3 4]  [2 3 1 2]
6, 14:  [3 4]  [2 3 1 2 3]
6, 15:  [3 4]  [2 3 2 3]
6, 16:  [3 4]  [2 3 4 2 3]
6, 17:  [3 4]  [3 4 2 3]
6, 18:  [3 4]  [3 4 2 3 4]
6, 19:  [3 4]  [3 4 3 4]
6, 20:  [3 4]  [3 4 5 3 4]
6, 21:  [3 4]  [4 5 3 4]
6, 22:  [3 4]  [4 5 3 4 5]
6, 23:  [3 4]  [4 5 4 5]
6, 24:  [3 4]  [4 5 6 4 5]
6, 25:  [3 4]  [5 6 4 5]
6, 26:  [3 4]  [5 6 4 5 6]
6, 27:  [3 4]  [5 6 5 6]
6, 28:  [3 4]  [5 6 7 5 6]
6, 29:  [3 4]  [6 7 5 6]
6, 30:  [3 4]  [6 7 5 6 7]
6, 31:  [3 4]  [6 7 6 7]
6, 32:  [3 4]  [6 7 8 6 7]
6, 33:  [3 4]  [7 8 6 7]
6, 34:  [3 4]  [7 8 6 7 8]
6, 35:  [3 4]  [7 8 7 8]
6, 36:  [3 4]  [7 8 9 7 8]
6, 37:  [3 4]  [8 9 7 8]
6, 38:  [3 4]  [8 9 7 8 9]
6, 39:  [3 4]  [8 9 8 9]
6, 40:  [3 4]  [8 9 10 8 9]
6, 41:  [3 4]  [9 10 8 9]
6, 42:  [3 4]  [9 10 8 9 10]
6, 43:  [3 4]  [9 10 9 10]
6, 44:  [3 4]  [9 10 11 9 10]
6, 45:  [3 4]  [10 11 9 10]
6, 46:  [3 4]  [10 11 9 10 11]
6, 47:  [3 4]  [10 11 10 11]
6, 48:  [3 4]  [10 11 12 10 11]
6, 49:  [3 4]  [11 12 10 11]
7, 7:  [3 4 5]  [1 1]
7, 8:  [3 4 5]  [1 2 1 1]
7, 9:  [3 4 5 6]  [1 2 1 1]
7, 10:  [3 4 6]  [1 2 1 2 1]
7, 11:  [3 4 7]  [1 2 1 2 1]
7, 12:  [3 4]  [1 2 3 1 2]
7, 13:  [3 4]  [2 3 1 2]
7, 14:  [3 4]  [2 3 1 2 3]
7, 15:  [3 4]  [2 3 2 3]
7, 16:  [3 4]  [2 3 4 2 3]
7, 17:  [3 4]  [3 4 2 3]
7, 18:  [3 4]  [3 4 2 3 4]
7, 19:  [3 4]  [3 4 3 4]
7, 20:  [3 4]  [3 4 5 3 4]
7, 21:  [3 4]  [4 5 3 4]
7, 22:  [3 4]  [4 5 3 4 5]
7, 23:  [3 4]  [4 5 4 5]
7, 24:  [3 4]  [4 5 6 4 5]
7, 25:  [3 4]  [5 6 4 5]
7, 26:  [3 4]  [5 6 4 5 6]
7, 27:  [3 4]  [5 6 5 6]
7, 28:  [3 4]  [5 6 7 5 6]
7, 29:  [3 4]  [6 7 5 6]
7, 30:  [3 4]  [6 7 5 6 7]
7, 31:  [3 4]  [6 7 6 7]
7, 32:  [3 4]  [6 7 8 6 7]
7, 33:  [3 4]  [7 8 6 7]
7, 34:  [3 4]  [7 8 6 7 8]
7, 35:  [3 4]  [7 8 7 8]
7, 36:  [3 4]  [7 8 9 7 8]
7, 37:  [3 4]  [8 9 7 8]
7, 38:  [3 4]  [8 9 7 8 9]
7, 39:  [3 4]  [8 9 8 9]
7, 40:  [3 4]  [8 9 10 8 9]
7, 41:  [3 4]  [9 10 8 9]
7, 42:  [3 4]  [9 10 8 9 10]
7, 43:  [3 4]  [9 10 9 10]
7, 44:  [3 4]  [9 10 11 9 10]
7, 45:  [3 4]  [10 11 9 10]
7, 46:  [3 4]  [10 11 9 10 11]
7, 47:  [3 4]  [10 11 10 11]
7, 48:  [3 4]  [10 11 12 10 11]
7, 49:  [3 4]  [11 12 10 11]
8, 8:  [4 5]  [1 2 1]
8, 9:  [4 5 6]  [1 2 1 1]
8, 10:  [4 5 6]  [1 2 1 2 1]
8, 11:  [4 5 7]  [1 2 1 2 1]
8, 12:  [4 5]  [1 2 3 1 2]
8, 13:  [4 5]  [2 3 1 2]
8, 14:  [4 5]  [2 3 1 2 3]
8, 15:  [4 5]  [2 3 2 3]
8, 16:  [4 5]  [2 3 4 2 3]
8, 17:  [4 5]  [3 4 2 3]
8, 18:  [4 5]  [3 4 2 3 4]
8, 19:  [4 5]  [3 4 3 4]
8, 20:  [4 5]  [3 4 5 3 4]
8, 21:  [4 5]  [4 5 3 4]
8, 22:  [4 5]  [4 5 3 4 5]
8, 23:  [4 5]  [4 5 4 5]
8, 24:  [4 5]  [4 5 6 4 5]
8, 25:  [4 5]  [5 6 4 5]
8, 26:  [4 5]  [5 6 4 5 6]
8, 27:  [4 5]  [5 6 5 6]
8, 28:  [4 5]  [5 6 7 5 6]
8, 29:  [4 5]  [6 7 5 6]
8, 30:  [4 5]  [6 7 5 6 7]
8, 31:  [4 5]  [6 7 6 7]
8, 32:  [4 5]  [6 7 8 6 7]
8, 33:  [4 5]  [7 8 6 7]
8, 34:  [4 5]  [7 8 6 7 8]
8, 35:  [4 5]  [7 8 7 8]
8, 36:  [4 5]  [7 8 9 7 8]
8, 37:  [4 5]  [8 9 7 8]
8, 38:  [4 5]  [8 9 7 8 9]
8, 39:  [4 5]  [8 9 8 9]
8, 40:  [4 5]  [8 9 10 8 9]
8, 41:  [4 5]  [9 10 8 9]
8, 42:  [4 5]  [9 10 8 9 10]
8, 43:  [4 5]  [9 10 9 10]
8, 44:  [4 5]  [9 10 11 9 10]
8, 45:  [4 5]  [10 11 9 10]
8, 46:  [4 5]  [10 11 9 10 11]
8, 47:  [4 5]  [10 11 10 11]
8, 48:  [4 5]  [10 11 12 10 11]
8, 49:  [4 5]  [11 12 10 11]
9, 9:  [4 5 6]  [1 2 1 1]
9, 10:  [4 5 6]  [1 2 1 2 1]
9, 11:  [4 5 6 7]  [1 2 1 2 1 1]
9, 12:  [4 5 7]  [1 2 3 1 2 1 2]
9, 13:  [4 5 8]  [2 3 1 2 1 2]
9, 14:  [4 5]  [2 3 1 2 3]
9, 15:  [4 5]  [2 3 2 3]
9, 16:  [4 5]  [2 3 4 2 3]
9, 17:  [4 5]  [3 4 2 3]
9, 18:  [4 5]  [3 4 2 3 4]
9, 19:  [4 5]  [3 4 3 4]
9, 20:  [4 5]  [3 4 5 3 4]
9, 21:  [4 5]  [4 5 3 4]
9, 22:  [4 5]  [4 5 3 4 5]
9, 23:  [4 5]  [4 5 4 5]
9, 24:  [4 5]  [4 5 6 4 5]
9, 25:  [4 5]  [5 6 4 5]
9, 26:  [4 5]  [5 6 4 5 6]
9, 27:  [4 5]  [5 6 5 6]
9, 28:  [4 5]  [5 6 7 5 6]
9, 29:  [4 5]  [6 7 5 6]
9, 30:  [4 5]  [6 7 5 6 7]
9, 31:  [4 5]  [6 7 6 7]
9, 32:  [4 5]  [6 7 8 6 7]
9, 33:  [4 5]  [7 8 6 7]
9, 34:  [4 5]  [7 8 6 7 8]
9, 35:  [4 5]  [7 8 7 8]
9, 36:  [4 5]  [7 8 9 7 8]
9, 37:  [4 5]  [8 9 7 8]
9, 38:  [4 5]  [8 9 7 8 9]
9, 39:  [4 5]  [8 9 8 9]
9, 40:  [4 5]  [8 9 10 8 9]
9, 41:  [4 5]  [9 10 8 9]
9, 42:  [4 5]  [9 10 8 9 10]
9, 43:  [4 5]  [9 10 9 10]
9, 44:  [4 5]  [9 10 11 9 10]
9, 45:  [4 5]  [10 11 9 10]
9, 46:  [4 5]  [10 11 9 10 11]
9, 47:  [4 5]  [10 11 10 11]
9, 48:  [4 5]  [10 11 12 10 11]
9, 49:  [4 5]  [11 12 10 11]
10, 10:  [5 6]  [1 2 1 2]
10, 11:  [5 6 7]  [1 2 1 2 1]
10, 12:  [5 6 7]  [1 2 3 1 2 1 2]
10, 13:  [5 6 8]  [2 3 1 2 1 2]
10, 14:  [5 6]  [2 3 1 2 3]
10, 15:  [5 6]  [2 3 2 3]
10, 16:  [5 6]  [2 3 4 2 3]
10, 17:  [5 6]  [3 4 2 3]
10, 18:  [5 6]  [3 4 2 3 4]
10, 19:  [5 6]  [3 4 3 4]
10, 20:  [5 6]  [3 4 5 3 4]
10, 21:  [5 6]  [4 5 3 4]
10, 22:  [5 6]  [4 5 3 4 5]
10, 23:  [5 6]  [4 5 4 5]
10, 24:  [5 6]  [4 5 6 4 5]
10, 25:  [5 6]  [5 6 4 5]
10, 26:  [5 6]  [5 6 4 5 6]
10, 27:  [5 6]  [5 6 5 6]
10, 28:  [5 6]  [5 6 7 5 6]
10, 29:  [5 6]  [6 7 5 6]
10, 30:  [5 6]  [6 7 5 6 7]
10, 31:  [5 6]  [6 7 6 7]
10, 32:  [5 6]  [6 7 8 6 7]
10, 33:  [5 6]  [7 8 6 7]
10, 34:  [5 6]  [7 8 6 7 8]
10, 35:  [5 6]  [7 8 7 8]
10, 36:  [5 6]  [7 8 9 7 8]
10, 37:  [5 6]  [8 9 7 8]
10, 38:  [5 6]  [8 9 7 8 9]
10, 39:  [5 6]  [8 9 8 9]
10, 40:  [5 6]  [8 9 10 8 9]
10, 41:  [5 6]  [9 10 8 9]
10, 42:  [5 6]  [9 10 8 9 10]
10, 43:  [5 6]  [9 10 9 10]
10, 44:  [5 6]  [9 10 11 9 10]
10, 45:  [5 6]  [10 11 9 10]
10, 46:  [5 6]  [10 11 9 10 11]
10, 47:  [5 6]  [10 11 10 11]
10, 48:  [5 6]  [10 11 12 10 11]
10, 49:  [5 6]  [11 12 10 11]
11, 11:  [5 6 7]  [1 2 1 2 1]
11, 12:  [5 6 7]  [1 2 3 1 2 1 2]
11, 13:  [5 6 7 8]  [2 3 1 2 1 2 1]
11, 14:  [5 6 8]  [2 3 1 2 3 1 2]
11, 15:  [5 6 9]  [2 3 2 3 1 2]
11, 16:  [5 6]  [2 3 4 2 3]
11, 17:  [5 6]  [3 4 2 3]
11, 18:  [5 6]  [3 4 2 3 4]
11, 19:  [5 6]  [3 4 3 4]
11, 20:  [5 6]  [3 4 5 3 4]
11, 21:  [5 6]  [4 5 3 4]
11, 22:  [5 6]  [4 5 3 4 5]
11, 23:  [5 6]  [4 5 4 5]
11, 24:  [5 6]  [4 5 6 4 5]
11, 25:  [5 6]  [5 6 4 5]
11, 26:  [5 6]  [5 6 4 5 6]
11, 27:  [5 6]  [5 6 5 6]
11, 28:  [5 6]  [5 6 7 5 6]
11, 29:  [5 6]  [6 7 5 6]
11, 30:  [5 6]  [6 7 5 6 7]
11, 31:  [5 6]  [6 7 6 7]
11, 32:  [5 6]  [6 7 8 6 7]
11, 33:  [5 6]  [7 8 6 7]
11, 34:  [5 6]  [7 8 6 7 8]
11, 35:  [5 6]  [7 8 7 8]
11, 36:  [5 6]  [7 8 9 7 8]
11, 37:  [5 6]  [8 9 7 8]
11, 38:  [5 6]  [8 9 7 8 9]
11, 39:  [5 6]  [8 9 8 9]
11, 40:  [5 6]  [8 9 10 8 9]
11, 41:  [5 6]  [9 10 8 9]
11, 42:  [5 6]  [9 10 8 9 10]
11, 43:  [5 6]  [9 10 9 10]
11, 44:  [5 6]  [9 10 11 9 10]
11, 45:  [5 6]  [10 11 9 10]
11, 46:  [5 6]  [10 11 9 10 11]
11, 47:  [5 6]  [10 11 10 11]
11, 48:  [5 6]  [10 11 12 10 11]
11, 49:  [5 6]  [11 12 10 11]
12, 12:  [6 7]  [1 2 3 1 2]
12, 13:  [6 7 8]  [2 3 1 2 1 2]
12, 14:  [6 7 8]  [2 3 1 2 3 1 2]
12, 15:  [6 7 9]  [2 3 2 3 1 2]
12, 16:  [6 7]  [2 3 4 2 3]
12, 17:  [6 7]  [3 4 2 3]
12, 18:  [6 7]  [3 4 2 3 4]
12, 19:  [6 7]  [3 4 3 4]
12, 20:  [6 7]  [3 4 5 3 4]
12, 21:  [6 7]  [4 5 3 4]
12, 22:  [6 7]  [4 5 3 4 5]
12, 23:  [6 7]  [4 5 4 5]
12, 24:  [6 7]  [4 5 6 4 5]
12, 25:  [6 7]  [5 6 4 5]
12, 26:  [6 7]  [5 6 4 5 6]
12, 27:  [6 7]  [5 6 5 6]
12, 28:  [6 7]  [5 6 7 5 6]
12, 29:  [6 7]  [6 7 5 6]
12, 30:  [6 7]  [6 7 5 6 7]
12, 31:  [6 7]  [6 7 6 7]
12, 32:  [6 7]  [6 7 8 6 7]
12, 33:  [6 7]  [7 8 6 7]
12, 34:  [6 7]  [7 8 6 7 8]
12, 35:  [6 7]  [7 8 7 8]
12, 36:  [6 7]  [7 8 9 7 8]
12, 37:  [6 7]  [8 9 7 8]
12, 38:  [6 7]  [8 9 7 8 9]
12, 39:  [6 7]  [8 9 8 9]
12, 40:  [6 7]  [8 9 10 8 9]
12, 41:  [6 7]  [9 10 8 9]
12, 42:  [6 7]  [9 10 8 9 10]
12, 43:  [6 7]  [9 10 9 10]
12, 44:  [6 7]  [9 10 11 9 10]
12, 45:  [6 7]  [10 11 9 10]
12, 46:  [6 7]  [10 11 9 10 11]
12, 47:  [6 7]  [10 11 10 11]
12, 48:  [6 7]  [10 11 12 10 11]
12, 49:  [6 7]  [11 12 10 11]
13, 13:  [6 7 8]  [2 3 1 2 1 2]
13, 14:  [6 7 8]  [2 3 1 2 3 1 2]
13, 15:  [6 7 8 9]  [2 3 2 3 1 2 1 2]
13, 16:  [6 7 9]  [2 3 4 2 3 1 2 3]
13, 17:  [6 7 10]  [3 4 2 3 2 3]
13, 18:  [6 7]  [3 4 2 3 4]
13, 19:  [6 7]  [3 4 3 4]
13, 20:  [6 7]  [3 4 5 3 4]
13, 21:  [6 7]  [4 5 3 4]
13, 22:  [6 7]  [4 5 3 4 5]
13, 23:  [6 7]  [4 5 4 5]
13, 24:  [6 7]  [4 5 6 4 5]
13, 25:  [6 7]  [5 6 4 5]
13, 26:  [6 7]  [5 6 4 5 6]
13, 27:  [6 7]  [5 6 5 6]
13, 28:  [6 7]  [5 6 7 5 6]
13, 29:  [6 7]  [6 7 5 6]
13, 30:  [6 7]  [6 7 5 6 7]
13, 31:  [6 7]  [6 7 6 7]
13, 32:  [6 7]  [6 7 8 6 7]
13, 33:  [6 7]  [7 8 6 7]
13, 34:  [6 7]  [7 8 6 7 8]
13, 35:  [6 7]  [7 8 7 8]
13, 36:  [6 7]  [7 8 9 7 8]
13, 37:  [6 7]  [8 9 7 8]
13, 38:  [6 7]  [8 9 7 8 9]
13, 39:  [6 7]  [8 9 8 9]
13, 40:  [6 7]  [8 9 10 8 9]
13, 41:  [6 7]  [9 10 8 9]
13, 42:  [6 7]  [9 10 8 9 10]
13, 43:  [6 7]  [9 10 9 10]
13, 44:  [6 7]  [9 10 11 9 10]
13, 45:  [6 7]  [10 11 9 10]
13, 46:  [6 7]  [10 11 9 10 11]
13, 47:  [6 7]  [10 11 10 11]
13, 48:  [6 7]  [10 11 12 10 11]
13, 49:  [6 7]  [11 12 10 11]
14, 14:  [7 8]  [2 3 1 2 3]
14, 15:  [7 8 9]  [2 3 2 3 1 2]
14, 16:  [7 8 9]  [2 3 4 2 3 1 2 3]
14, 17:  [7 8 10]  [3 4 2 3 2 3]
14, 18:  [7 8]  [3 4 2 3 4]
14, 19:  [7 8]  [3 4 3 4]
14, 20:  [7 8]  [3 4 5 3 4]
14, 21:  [7 8]  [4 5 3 4]
14, 22:  [7 8]  [4 5 3 4 5]
14, 23:  [7 8]  [4 5 4 5]
14, 24:  [7 8]  [4 5 6 4 5]
14, 25:  [7 8]  [5 6 4 5]
14, 26:  [7 8]  [5 6 4 5 6]
14, 27:  [7 8]  [5 6 5 6]
14, 28:  [7 8]  [5 6 7 5 6]
14, 29:  [7 8]  [6 7 5 6]
14, 30:  [7 8]  [6 7 5 6 7]
14, 31:  [7 8]  [6 7 6 7]
14, 32:  [7 8]  [6 7 8 6 7]
14, 33:  [7 8]  [7 8 6 7]
14, 34:  [7 8]  [7 8 6 7 8]
14, 35:  [7 8]  [7 8 7 8]
14, 36:  [7 8]  [7 8 9 7 8]
14, 37:  [7 8]  [8 9 7 8]
14, 38:  [7 8]  [8 9 7 8 9]
14, 39:  [7 8]  [8 9 8 9]
14, 40:  [7 8]  [8 9 10 8 9]
14, 41:  [7 8]  [9 10 8 9]
14, 42:  [7 8]  [9 10 8 9 10]
14, 43:  [7 8]  [9 10 9 10]
14, 44:  [7 8]  [9 10 11 9 10]
14, 45:  [7 8]  [10 11 9 10]
14, 46:  [7 8]  [10 11 9 10 11]
14, 47:  [7 8]  [10 11 10 11]
14, 48:  [7 8]  [10 11 12 10 11]
14, 49:  [7 8]  [11 12 10 11]
15, 15:  [7 8 9]  [2 3 2 3 1 2]
15, 16:  [7 8 9]  [2 3 4 2 3 1 2 3]
15, 17:  [7 8 9 10]  [3 4 2 3 2 3 1 2]
15, 18:  [7 8 10]  [3 4 2 3 4 2 3]
15, 19:  [7 8 11]  [3 4 3 4 2 3]
15, 20:  [7 8]  [3 4 5 3 4]
15, 21:  [7 8]  [4 5 3 4]
15, 22:  [7 8]  [4 5 3 4 5]
15, 23:  [7 8]  [4 5 4 5]
15, 24:  [7 8]  [4 5 6 4 5]
15, 25:  [7 8]  [5 6 4 5]
15, 26:  [7 8]  [5 6 4 5 6]
15, 27:  [7 8]  [5 6 5 6]
15, 28:  [7 8]  [5 6 7 5 6]
15, 29:  [7 8]  [6 7 5 6]
15, 30:  [7 8]  [6 7 5 6 7]
15, 31:  [7 8]  [6 7 6 7]
15, 32:  [7 8]  [6 7 8 6 7]
15, 33:  [7 8]  [7 8 6 7]
15, 34:  [7 8]  [7 8 6 7 8]
15, 35:  [7 8]  [7 8 7 8]
15, 36:  [7 8]  [7 8 9 7 8]
15, 37:  [7 8]  [8 9 7 8]
15, 38:  [7 8]  [8 9 7 8 9]
15, 39:  [7 8]  [8 9 8 9]
15, 40:  [7 8]  [8 9 10 8 9]
15, 41:  [7 8]  [9 10 8 9]
15, 42:  [7 8]  [9 10 8 9 10]
15, 43:  [7 8]  [9 10 9 10]
15, 44:  [7 8]  [9 10 11 9 10]
15, 45:  [7 8]  [10 11 9 10]
15, 46:  [7 8]  [10 11 9 10 11]
15, 47:  [7 8]  [10 11 10 11]
15, 48:  [7 8]  [10 11 12 10 11]
15, 49:  [7 8]  [11 12 10 11]
16, 16:  [8 9]  [2 3 4 2 3]
16, 17:  [8 9 10]  [3 4 2 3 2 3]
16, 18:  [8 9 10]  [3 4 2 3 4 2 3]
16, 19:  [8 9 11]  [3 4 3 4 2 3]
16, 20:  [8 9]  [3 4 5 3 4]
16, 21:  [8 9]  [4 5 3 4]
16, 22:  [8 9]  [4 5 3 4 5]
16, 23:  [8 9]  [4 5 4 5]
16, 24:  [8 9]  [4 5 6 4 5]
16, 25:  [8 9]  [5 6 4 5]
16, 26:  [8 9]  [5 6 4 5 6]
16, 27:  [8 9]  [5 6 5 6]
16, 28:  [8 9]  [5 6 7 5 6]
16, 29:  [8 9]  [6 7 5 6]
16, 30:  [8 9]  [6 7 5 6 7]
16, 31:  [8 9]  [6 7 6 7]
16, 32:  [8 9]  [6 7 8 6 7]
16, 33:  [8 9]  [7 8 6 7]
16, 34:  [8 9]  [7 8 6 7 8]
16, 35:  [8 9]  [7 8 7 8]
16, 36:  [8 9]  [7 8 9 7 8]
16, 37:  [8 9]  [8 9 7 8]
16, 38:  [8 9]  [8 9 7 8 9]
16, 39:  [8 9]  [8 9 8 9]
16, 40:  [8 9]  [8 9 10 8 9]
16, 41:  [8 9]  [9 10 8 9]
16, 42:  [8 9]  [9 10 8 9 10]
16, 43:  [8 9]  [9 10 9 10]
16, 44:  [8 9]  [9 10 11 9 10]
16, 45:  [8 9]  [10 11 9 10]
16, 46:  [8 9]  [10 11 9 10 11]
16, 47:  [8 9]  [10 11 10 11]
16, 48:  [8 9]  [10 11 12 10 11]
16, 49:  [8 9]  [11 12 10 11]
17, 17:  [8 9 10]  [3 4 2 3 2 3]
17, 18:  [8 9 10]  [3 4 2 3 4 2 3]
17, 19:  [8 9 10 11]  [3 4 3 4 2 3 2 3]
17, 20:  [8 9 11]  [3 4 5 3 4 2 3 4]
17, 21:  [8 9 12]  [4 5 3 4 3 4]
17, 22:  [8 9]  [4 5 3 4 5]
17, 23:  [8 9]  [4 5 4 5]
17, 24:  [8 9]  [4 5 6 4 5]
17, 25:  [8 9]  [5 6 4 5]
17, 26:  [8 9]  [5 6 4 5 6]
17, 27:  [8 9]  [5 6 5 6]
17, 28:  [8 9]  [5 6 7 5 6]
17, 29:  [8 9]  [6 7 5 6]
17, 30:  [8 9]  [6 7 5 6 7]
17, 31:  [8 9]  [6 7 6 7]
17, 32:  [8 9]  [6 7 8 6 7]
17, 33:  [8 9]  [7 8 6 7]
17, 34:  [8 9]  [7 8 6 7 8]
17, 35:  [8 9]  [7 8 7 8]
17, 36:  [8 9]  [7 8 9 7 8]
17, 37:  [8 9]  [8 9 7 8]
17, 38:  [8 9]  [8 9 7 8 9]
17, 39:  [8 9]  [8 9 8 9]
17, 40:  [8 9]  [8 9 10 8 9]
17, 41:  [8 9]  [9 10 8 9]
17, 42:  [8 9]  [9 10 8 9 10]
17, 43:  [8 9]  [9 10 9 10]
17, 44:  [8 9]  [9 10 11 9 10]
17, 45:  [8 9]  [10 11 9 10]
17, 46:  [8 9]  [10 11 9 10 11]
17, 47:  [8 9]  [10 11 10 11]
17, 48:  [8 9]  [10 11 12 10 11]
17, 49:  [8 9]  [11 12 10 11]
18, 18:  [9 10]  [3 4 2 3 4]
18, 19:  [9 10 11]  [3 4 3 4 2 3]
18, 20:  [9 10 11]  [3 4 5 3 4 2 3 4]
18, 21:  [9 10 12]  [4 5 3 4 3 4]
18, 22:  [9 10]  [4 5 3 4 5]
18, 23:  [9 10]  [4 5 4 5]
18, 24:  [9 10]  [4 5 6 4 5]
18, 25:  [9 10]  [5 6 4 5]
18, 26:  [9 10]  [5 6 4 5 6]
18, 27:  [9 10]  [5 6 5 6]
18, 28:  [9 10]  [5 6 7 5 6]
18, 29:  [9 10]  [6 7 5 6]
18, 30:  [9 10]  [6 7 5 6 7]
18, 31:  [9 10]  [6 7 6 7]
18, 32:  [9 10]  [6 7 8 6 7]
18, 33:  [9 10]  [7 8 6 7]
18, 34:  [9 10]  [7 8 6 7 8]
18, 35:  [9 10]  [7 8 7 8]
18, 36:  [9 10]  [7 8 9 7 8]
18, 37:  [9 10]  [8 9 7 8]
18, 38:  [9 10]  [8 9 7 8 9]
18, 39:  [9 10]  [8 9 8 9]
18, 40:  [9 10]  [8 9 10 8 9]
18, 41:  [9 10]  [9 10 8 9]
18, 42:  [9 10]  [9 10 8 9 10]
18, 43:  [9 10]  [9 10 9 10]
18, 44:  [9 10]  [9 10 11 9 10]
18, 45:  [9 10]  [10 11 9 10]
18, 46:  [9 10]  [10 11 9 10 11]
18, 47:  [9 10]  [10 11 10 11]
18, 48:  [9 10]  [10 11 12 10 11]
18, 49:  [9 10]  [11 12 10 11]
19, 19:  [9 10 11]  [3 4 3 4 2 3]
19, 20:  [9 10 11]  [3 4 5 3 4 2 3 4]
19, 21:  [9 10 11 12]  [4 5 3 4 3 4 2 3]
19, 22:  [9 10 12]  [4 5 3 4 5 3 4]
19, 23:  [9 10 13]  [4 5 4 5 3 4]
19, 24:  [9 10]  [4 5 6 4 5]
19, 25:  [9 10]  [5 6 4 5]
19, 26:  [9 10]  [5 6 4 5 6]
19, 27:  [9 10]  [5 6 5 6]
19, 28:  [9 10]  [5 6 7 5 6]
19, 29:  [9 10]  [6 7 5 6]
19, 30:  [9 10]  [6 7 5 6 7]
19, 31:  [9 10]  [6 7 6 7]
19, 32:  [9 10]  [6 7 8 6 7]
19, 33:  [9 10]  [7 8 6 7]
19, 34:  [9 10]  [7 8 6 7 8]
19, 35:  [9 10]  [7 8 7 8]
19, 36:  [9 10]  [7 8 9 7 8]
19, 37:  [9 10]  [8 9 7 8]
19, 38:  [9 10]  [8 9 7 8 9]
19, 39:  [9 10]  [8 9 8 9]
19, 40:  [9 10]  [8 9 10 8 9]
19, 41:  [9 10]  [9 10 8 9]
19, 42:  [9 10]  [9 10 8 9 10]
19, 43:  [9 10]  [9 10 9 10]
19, 44:  [9 10]  [9 10 11 9 10]
19, 45:  [9 10]  [10 11 9 10]
19, 46:  [9 10]  [10 11 9 10 11]
19, 47:  [9 10]  [10 11 10 11]
19, 48:  [9 10]  [10 11 12 10 11]
19, 49:  [9 10]  [11 12 10 11]
20, 20:  [10 11]  [3 4 5 3 4]
20, 21:  [10 11 12]  [4 5 3 4 3 4]
20, 22:  [10 11 12]  [4 5 3 4 5 3 4]
20, 23:  [10 11 13]  [4 5 4 5 3 4]
20, 24:  [10 11]  [4 5 6 4 5]
20, 25:  [10 11]  [5 6 4 5]
20, 26:  [10 11]  [5 6 4 5 6]
20, 27:  [10 11]  [5 6 5 6]
20, 28:  [10 11]  [5 6 7 5 6]
20, 29:  [10 11]  [6 7 5 6]
20, 30:  [10 11]  [6 7 5 6 7]
20, 31:  [10 11]  [6 7 6 7]
20, 32:  [10 11]  [6 7 8 6 7]
20, 33:  [10 11]  [7 8 6 7]
20, 34:  [10 11]  [7 8 6 7 8]
20, 35:  [10 11]  [7 8 7 8]
20, 36:  [10 11]  [7 8 9 7 8]
20, 37:  [10 11]  [8 9 7 8]
20, 38:  [10 11]  [8 9 7 8 9]
20, 39:  [10 11]  [8 9 8 9]
20, 40:  [10 11]  [8 9 10 8 9]
20, 41:  [10 11]  [9 10 8 9]
20, 42:  [10 11]  [9 10 8 9 10]
20, 43:  [10 11]  [9 10 9 10]
20, 44:  [10 11]  [9 10 11 9 10]
20, 45:  [10 11]  [10 11 9 10]
20, 46:  [10 11]  [10 11 9 10 11]
20, 47:  [10 11]  [10 11 10 11]
20, 48:  [10 11]  [10 11 12 10 11]
20, 49:  [10 11]  [11 12 10 11]
21, 21:  [10 11 12]  [4 5 3 4 3 4]
21, 22:  [10 11 12]  [4 5 3 4 5 3 4]
21, 23:  [10 11 12 13]  [4 5 4 5 3 4 3 4]
21, 24:  [10 11 13]  [4 5 6 4 5 3 4 5]
21, 25:  [10 11 14]  [5 6 4 5 4 5]
21, 26:  [10 11]  [5 6 4 5 6]
21, 27:  [10 11]  [5 6 5 6]
21, 28:  [10 11]  [5 6 7 5 6]
21, 29:  [10 11]  [6 7 5 6]
21, 30:  [10 11]  [6 7 5 6 7]
21, 31:  [10 11]  [6 7 6 7]
21, 32:  [10 11]  [6 7 8 6 7]
21, 33:  [10 11]  [7 8 6 7]
21, 34:  [10 11]  [7 8 6 7 8]
21, 35:  [10 11]  [7 8 7 8]
21, 36:  [10 11]  [7 8 9 7 8]
21, 37:  [10 11]  [8 9 7 8]
21, 38:  [10 11]  [8 9 7 8 9]
21, 39:  [10 11]  [8 9 8 9]
21, 40:  [10 11]  [8 9 10 8 9]
21, 41:  [10 11]  [9 10 8 9]
21, 42:  [10 11]  [9 10 8 9 10]
21, 43:  [10 11]  [9 10 9 10]
21, 44:  [10 11]  [9 10 11 9 10]
21, 45:  [10 11]  [10 11 9 10]
21, 46:  [10 11]  [10 11 9 10 11]
21, 47:  [10 11]  [10 11 10 11]
21, 48:  [10 11]  [10 11 12 10 11]
21, 49:  [10 11]  [11 12 10 11]
22, 22:  [11 12]  [4 5 3 4 5]
22, 23:  [11 12 13]  [4 5 4 5 3 4]
22, 24:  [11 12 13]  [4 5 6 4 5 3 4 5]
22, 25:  [11 12 14]  [5 6 4 5 4 5]
22, 26:  [11 12]  [5 6 4 5 6]
22, 27:  [11 12]  [5 6 5 6]
22, 28:  [11 12]  [5 6 7 5 6]
22, 29:  [11 12]  [6 7 5 6]
22, 30:  [11 12]  [6 7 5 6 7]
22, 31:  [11 12]  [6 7 6 7]
22, 32:  [11 12]  [6 7 8 6 7]
22, 33:  [11 12]  [7 8 6 7]
22, 34:  [11 12]  [7 8 6 7 8]
22, 35:  [11 12]  [7 8 7 8]
22, 36:  [11 12]  [7 8 9 7 8]
22, 37:  [11 12]  [8 9 7 8]
22, 38:  [11 12]  [8 9 7 8 9]
22, 39:  [11 12]  [8 9 8 9]
22, 40:  [11 12]  [8 9 10 8 9]
22, 41:  [11 12]  [9 10 8 9]
22, 42:  [11 12]  [9 10 8 9 10]
22, 43:  [11 12]  [9 10 9 10]
22, 44:  [11 12]  [9 10 11 9 10]
22, 45:  [11 12]  [10 11 9 10]
22, 46:  [11 12]  [10 11 9 10 11]
22, 47:  [11 12]  [10 11 10 11]
22, 48:  [11 12]  [10 11 12 10 11]
22, 49:  [11 12]  [11 12 10 11]
23, 23:  [11 12 13]  [4 5 4 5 3 4]
23, 24:  [11 12 13]  [4 5 6 4 5 3 4 5]
23, 25:  [11 12 13 14]  [5 6 4 5 4 5 3 4]
23, 26:  [11 12 14]  [5 6 4 5 6 4 5]
23, 27:  [11 12 15]  [5 6 5 6 4 5]
23, 28:  [11 12]  [5 6 7 5 6]
23, 29:  [11 12]  [6 7 5 6]
23, 30:  [11 12]  [6 7 5 6 7]
23, 31:  [11 12]  [6 7 6 7]
23, 32:  [11 12]  [6 7 8 6 7]
23, 33:  [11 12]  [7 8 6 7]
23, 34:  [11 12]  [7 8 6 7 8]
23, 35:  [11 12]  [7 8 7 8]
23, 36:  [11 12]  [7 8 9 7 8]
23, 37:  [11 12]  [8 9 7 8]
23, 38:  [11 12]  [8 9 7 8 9]
23, 39:  [11 12]  [8 9 8 9]
23, 40:  [11 12]  [8 9 10 8 9]
23, 41:  [11 12]  [9 10 8 9]
23, 42:  [11 12]  [9 10 8 9 10]
23, 43:  [11 12]  [9 10 9 10]
23, 44:  [11 12]  [9 10 11 9 10]
23, 45:  [11 12]  [10 11 9 10]
23, 46:  [11 12]  [10 11 9 10 11]
23, 47:  [11 12]  [10 11 10 11]
23, 48:  [11 12]  [10 11 12 10 11]
23, 49:  [11 12]  [11 12 10 11]
24, 24:  [12 13]  [4 5 6 4 5]
24, 25:  [12 13 14]  [5 6 4 5 4 5]
24, 26:  [12 13 14]  [5 6 4 5 6 4 5]
24, 27:  [12 13 15]  [5 6 5 6 4 5]
24, 28:  [12 13]  [5 6 7 5 6]
24, 29:  [12 13]  [6 7 5 6]
24, 30:  [12 13]  [6 7 5 6 7]
24, 31:  [12 13]  [6 7 6 7]
24, 32:  [12 13]  [6 7 8 6 7]
24, 33:  [12 13]  [7 8 6 7]
24, 34:  [12 13]  [7 8 6 7 8]
24, 35:  [12 13]  [7 8 7 8]
24, 36:  [12 13]  [7 8 9 7 8]
24, 37:  [12 13]  [8 9 7 8]
24, 38:  [12 13]  [8 9 7 8 9]
24, 39:  [12 13]  [8 9 8 9]
24, 40:  [12 13]  [8 9 10 8 9]
24, 41:  [12 13]  [9 10 8 9]
24, 42:  [12 13]  [9 10 8 9 10]
24, 43:  [12 13]  [9 10 9 10]
24, 44:  [12 13]  [9 10 11 9 10]
24, 45:  [12 13]  [10 11 9 10]
24, 46:  [12 13]  [10 11 9 10 11]
24, 47:  [12 13]  [10 11 10 11]
24, 48:  [12 13]  [10 11 12 10 11]
24, 49:  [12 13]  [11 12 10 11]
25, 25:  [12 13 14]  [5 6 4 5 4 5]
25, 26:  [12 13 14]  [5 6 4 5 6 4 5]
25, 27:  [12 13 14 15]  [5 6 5 6 4 5 4 5]
25, 28:  [12 13 15]  [5 6 7 5 6 4 5 6]
25, 29:  [12 13 16]  [6 7 5 6 5 6]
25, 30:  [12 13]  [6 7 5 6 7]
25, 31:  [12 13]  [6 7 6 7]
25, 32:  [12 13]  [6 7 8 6 7]
25, 33:  [12 13]  [7 8 6 7]
25, 34:  [12 13]  [7 8 6 7 8]
25, 35:  [12 13]  [7 8 7 8]
25, 36:  [12 13]  [7 8 9 7 8]
25, 37:  [12 13]  [8 9 7 8]
25, 38:  [12 13]  [8 9 7 8 9]
25, 39:  [12 13]  [8 9 8 9]
25, 40:  [12 13]  [8 9 10 8 9]
25, 41:  [12 13]  [9 10 8 9]
25, 42:  [12 13]  [9 10 8 9 10]
25, 43:  [12 13]  [9 10 9 10]
25, 44:  [12 13]  [9 10 11 9 10]
25, 45:  [12 13]  [10 11 9 10]
25, 46:  [12 13]  [10 11 9 10 11]
25, 47:  [12 13]  [10 11 10 11]
25, 48:  [12 13]  [10 11 12 10 11]
25, 49:  [12 13]  [11 12 10 11]
26, 26:  [13 14]  [5 6 4 5 6]
26, 27:  [13 14 15]  [5 6 5 6 4 5]
26, 28:  [13 14 15]  [5 6 7 5 6 4 5 6]
26, 29:  [13 14 16]  [6 7 5 6 5 6]
26, 30:  [13 14]  [6 7 5 6 7]
26, 31:  [13 14]  [6 7 6 7]
26, 32:  [13 14]  [6 7 8 6 7]
26, 33:  [13 14]  [7 8 6 7]
26, 34:  [13 14]  [7 8 6 7 8]
26, 35:  [13 14]  [7 8 7 8]
26, 36:  [13 14]  [7 8 9 7 8]
26, 37:  [13 14]  [8 9 7 8]
26, 38:  [13 14]  [8 9 7 8 9]
26, 39:  [13 14]  [8 9 8 9]
26, 40:  [13 14]  [8 9 10 8 9]
26, 41:  [13 14]  [9 10 8 9]
26, 42:  [13 14]  [9 10 8 9 10]
26, 43:  [13 14]  [9 10 9 10]
26, 44:  [13 14]  [9 10 11 9 10]
26, 45:  [13 14]  [10 11 9 10]
26, 46:  [13 14]  [10 11 9 10 11]
26, 47:  [13 14]  [10 11 10 11]
26, 48:  [13 14]  [10 11 12 10 11]
26, 49:  [13 14]  [11 12 10 11]
27, 27:  [13 14 15]  [5 6 5 6 4 5]
27, 28:  [13 14 15]  [5 6 7 5 6 4 5 6]
27, 29:  [13 14 15 16]  [6 7 5 6 5 6 4 5]
27, 30:  [13 14 16]  [6 7 5 6 7 5 6]
27, 31:  [13 14 17]  [6 7 6 7 5 6]
27, 32:  [13 14]  [6 7 8 6 7]
27, 33:  [13 14]  [7 8 6 7]
27, 34:  [13 14]  [7 8 6 7 8]
27, 35:  [13 14]  [7 8 7 8]
27, 36:  [13 14]  [7 8 9 7 8]
27, 37:  [13 14]  [8 9 7 8]
27, 38:  [13 14]  [8 9 7 8 9]
27, 39:  [13 14]  [8 9 8 9]
27, 40:  [13 14]  [8 9 10 8 9]
27, 41:  [13 14]  [9 10 8 9]
27, 42:  [13 14]  [9 10 8 9 10]
27, 43:  [13 14]  [9 10 9 10]
27, 44:  [13 14]  [9 10 11 9 10]
27, 45:  [13 14]  [10 11 9 10]
27, 46:  [13 14]  [10 11 9 10 11]
27, 47:  [13 14]  [10 11 10 11]
27, 48:  [13 14]  [10 11 12 10 11]
27, 49:  [13 14]  [11 12 10 11]
28, 28:  [14 15]  [5 6 7 5 6]
28, 29:  [14 15 16]  [6 7 5 6 5 6]
28, 30:  [14 15 16]  [6 7 5 6 7 5 6]
28, 31:  [14 15 17]  [6 7 6 7 5 6]
28, 32:  [14 15]  [6 7 8 6 7]
28, 33:  [14 15]  [7 8 6 7]
28, 34:  [14 15]  [7 8 6 7 8]
28, 35:  [14 15]  [7 8 7 8]
28, 36:  [14 15]  [7 8 9 7 8]
28, 37:  [14 15]  [8 9 7 8]
28, 38:  [14 15]  [8 9 7 8 9]
28, 39:  [14 15]  [8 9 8 9]
28, 40:  [14 15]  [8 9 10 8 9]
28, 41:  [14 15]  [9 10 8 9]
28, 42:  [14 15]  [9 10 8 9 10]
28, 43:  [14 15]  [9 10 9 10]
28, 44:  [14 15]  [9 10 11 9 10]
28, 45:  [14 15]  [10 11 9 10]
28, 46:  [14 15]  [10 11 9 10 11]
28, 47:  [14 15]  [10 11 10 11]
28, 48:  [14 15]  [10 11 12 10 11]
28, 49:  [14 15]  [11 12 10 11]
29, 29:  [14 15 16]  [6 7 5 6 5 6]
29, 30:  [14 15 16]  [6 7 5 6 7 5 6]
29, 31:  [14 15 16 17]  [6 7 6 7 5 6 5 6]
29, 32:  [14 15 17]  [6 7 8 6 7 5 6 7]
29, 33:  [14 15 18]  [7 8 6 7 6 7]
29, 34:  [14 15]  [7 8 6 7 8]
29, 35:  [14 15]  [7 8 7 8]
29, 36:  [14 15]  [7 8 9 7 8]
29, 37:  [14 15]  [8 9 7 8]
29, 38:  [14 15]  [8 9 7 8 9]
29, 39:  [14 15]  [8 9 8 9]
29, 40:  [14 15]  [8 9 10 8 9]
29, 41:  [14 15]  [9 10 8 9]
29, 42:  [14 15]  [9 10 8 9 10]
29, 43:  [14 15]  [9 10 9 10]
29, 44:  [14 15]  [9 10 11 9 10]
29, 45:  [14 15]  [10 11 9 10]
29, 46:  [14 15]  [10 11 9 10 11]
29, 47:  [14 15]  [10 11 10 11]
29, 48:  [14 15]  [10 11 12 10 11]
29, 49:  [14 15]  [11 12 10 11]
30, 30:  [15 16]  [6 7 5 6 7]
30, 31:  [15 16 17]  [6 7 6 7 5 6]
30, 32:  [15 16 17]  [6 7 8 6 7 5 6 7]
30, 33:  [15 16 18]  [7 8 6 7 6 7]
30, 34:  [15 16]  [7 8 6 7 8]
30, 35:  [15 16]  [7 8 7 8]
30, 36:  [15 16]  [7 8 9 7 8]
30, 37:  [15 16]  [8 9 7 8]
30, 38:  [15 16]  [8 9 7 8 9]
30, 39:  [15 16]  [8 9 8 9]
30, 40:  [15 16]  [8 9 10 8 9]
30, 41:  [15 16]  [9 10 8 9]
30, 42:  [15 16]  [9 10 8 9 10]
30, 43:  [15 16]  [9 10 9 10]
30, 44:  [15 16]  [9 10 11 9 10]
30, 45:  [15 16]  [10 11 9 10]
30, 46:  [15 16]  [10 11 9 10 11]
30, 47:  [15 16]  [10 11 10 11]
30, 48:  [15 16]  [10 11 12 10 11]
30, 49:  [15 16]  [11 12 10 11]
31, 31:  [15 16 17]  [6 7 6 7 5 6]
31, 32:  [15 16 17]  [6 7 8 6 7 5 6 7]
31, 33:  [15 16 17 18]  [7 8 6 7 6 7 5 6]
31, 34:  [15 16 18]  [7 8 6 7 8 6 7]
31, 35:  [15 16 19]  [7 8 7 8 6 7]
31, 36:  [15 16]  [7 8 9 7 8]
31, 37:  [15 16]  [8 9 7 8]
31, 38:  [15 16]  [8 9 7 8 9]
31, 39:  [15 16]  [8 9 8 9]
31, 40:  [15 16]  [8 9 10 8 9]
31, 41:  [15 16]  [9 10 8 9]
31, 42:  [15 16]  [9 10 8 9 10]
31, 43:  [15 16]  [9 10 9 10]
31, 44:  [15 16]  [9 10 11 9 10]
31, 45:  [15 16]  [10 11 9 10]
31, 46:  [15 16]  [10 11 9 10 11]
31, 47:  [15 16]  [10 11 10 11]
31, 48:  [15 16]  [10 11 12 10 11]
31, 49:  [15 16]  [11 12 10 11]
32, 32:  [16 17]  [6 7 8 6 7]
32, 33:  [16 17 18]  [7 8 6 7 6 7]
32, 34:  [16 17 18]  [7 8 6 7 8 6 7]
32, 35:  [16 17 19]  [7 8 7 8 6 7]
32, 36:  [16 17]  [7 8 9 7 8]
32, 37:  [16 17]  [8 9 7 8]
32, 38:  [16 17]  [8 9 7 8 9]
32, 39:  [16 17]  [8 9 8 9]
32, 40:  [16 17]  [8 9 10 8 9]
32, 41:  [16 17]  [9 10 8 9]
32, 42:  [16 17]  [9 10 8 9 10]
32, 43:  [16 17]  [9 10 9 10]
32, 44:  [16 17]  [9 10 11 9 10]
32, 45:  [16 17]  [10 11 9 10]
32, 46:  [16 17]  [10 11 9 10 11]
32, 47:  [16 17]  [10 11 10 11]
32, 48:  [16 17]  [10 11 12 10 11]
32, 49:  [16 17]  [11 12 10 11]
33, 33:  [16 17 18]  [7 8 6 7 6 7]
33, 34:  [16 17 18]  [7 8 6 7 8 6 7]
33, 35:  [16 17 18 19]  [7 8 7 8 6 7 6 7]
33, 36:  [16 17 19]  [7 8 9 7 8 6 7 8]
33, 37:  [16 17 20]  [8 9 7 8 7 8]
33, 38:  [16 17]  [8 9 7 8 9]
33, 39:  [16 17]  [8 9 8 9]
33, 40:  [16 17]  [8 9 10 8 9]
33, 41:  [16 17]  [9 10 8 9]
33, 42:  [16 17]  [9 10 8 9 10]
33, 43:  [16 17]  [9 10 9 10]
33, 44:  [16 17]  [9 10 11 9 10]
33, 45:  [16 17]  [10 11 9 10]
33, 46:  [16 17]  [10 11 9 10 11]
33, 47:  [16 17]  [10 11 10 11]
33, 48:  [16 17]  [10 11 12 10 11]
33, 49:  [16 17]  [11 12 10 11]
34, 34:  [17 18]  [7 8 6 7 8]
34, 35:  [17 18 19]  [7 8 7 8 6 7]
34, 36:  [17 18 19]  [7 8 9 7 8 6 7 8]
34, 37:  [17 18 20]  [8 9 7 8 7 8]
34, 38:  [17 18]  [8 9 7 8 9]
34, 39:  [17 18]  [8 9 8 9]
34, 40:  [17 18]  [8 9 10 8 9]
34, 41:  [17 18]  [9 10 8 9]
34, 42:  [17 18]  [9 10 8 9 10]
34, 43:  [17 18]  [9 10 9 10]
34, 44:  [17 18]  [9 10 11 9 10]
34, 45:  [17 18]  [10 11 9 10]
34, 46:  [17 18]  [10 11 9 10 11]
34, 47:  [17 18]  [10 11 10 11]
34, 48:  [17 18]  [10 11 12 10 11]
34, 49:  [17 18]  [11 12 10 11]
35, 35:  [17 18 19]  [7 8 7 8 6 7]
35, 36:  [17 18 19]  [7 8 9 7 8 6 7 8]
35, 37:  [17 18 19 20]  [8 9 7 8 7 8 6 7]
35, 38:  [17 18 20]  [8 9 7 8 9 7 8]
35, 39:  [17 18 21]  [8 9 8 9 7 8]
35, 40:  [17 18]  [8 9 10 8 9]
35, 41:  [17 18]  [9 10 8 9]
35, 42:  [17 18]  [9 10 8 9 10]
35, 43:  [17 18]  [9 10 9 10]
35, 44:  [17 18]  [9 10 11 9 10]
35, 45:  [17 18]  [10 11 9 10]
35, 46:  [17 18]  [10 11 9 10 11]
35, 47:  [17 18]  [10 11 10 11]
35, 48:  [17 18]  [10 11 12 10 11]
35, 49:  [17 18]  [11 12 10 11]
36, 36:  [18 19]  [7 8 9 7 8]
36, 37:  [18 19 20]  [8 9 7 8 7 8]
36, 38:  [18 19 20]  [8 9 7 8 9 7 8]
36, 39:  [18 19 21]  [8 9 8 9 7 8]
36, 40:  [18 19]  [8 9 10 8 9]
36, 41:  [18 19]  [9 10 8 9]
36, 42:  [18 19]  [9 10 8 9 10]
36, 43:  [18 19]  [9 10 9 10]
36, 44:  [18 19]  [9 10 11 9 10]
36, 45:  [18 19]  [10 11 9 10]
36, 46:  [18 19]  [10 11 9 10 11]
36, 47:  [18 19]  [10 11 10 11]
36, 48:  [18 19]  [10 11 12 10 11]
36, 49:  [18 19]  [11 12 10 11]
37, 37:  [18 19 20]  [8 9 7 8 7 8]
37, 38:  [18 19 20]  [8 9 7 8 9 7 8]
37, 39:  [18 19 20 21]  [8 9 8 9 7 8 7 8]
37, 40:  [18 19 21]  [8 9 10 8 9 7 8 9]
37, 41:  [18 19 22]  [9 10 8 9 8 9]
37, 42:  [18 19]  [9 10 8 9 10]
37, 43:  [18 19]  [9 10 9 10]
37, 44:  [18 19]  [9 10 11 9 10]
37, 45:  [18 19]  [10 11 9 10]
37, 46:  [18 19]  [10 11 9 10 11]
37, 47:  [18 19]  [10 11 10 11]
37, 48:  [18 19]  [10 11 12 10 11]
37, 49:  [18 19]  [11 12 10 11]
38, 38:  [19 20]  [8 9 7 8 9]
38, 39:  [19 20 21]  [8 9 8 9 7 8]
38, 40:  [19 20 21]  [8 9 10 8 9 7 8 9]
38, 41:  [19 20 22]  [9 10 8 9 8 9]
38, 42:  [19 20]  [9 10 8 9 10]
38, 43:  [19 20]  [9 10 9 10]
38, 44:  [19 20]  [9 10 11 9 10]
38, 45:  [19 20]  [10 11 9 10]
38, 46:  [19 20]  [10 11 9 10 11]
38, 47:  [19 20]  [10 11 10 11]
38, 48:  [19 20]  [10 11 12 10 11]
38, 49:  [19 20]  [11 12 10 11]
39, 39:  [19 20 21]  [8 9 8 9 7 8]
39, 40:  [19 20 21]  [8 9 10 8 9 7 8 9]
39, 41:  [19 20 21 22]  [9 10 8 9 8 9 7 8]
39, 42:  [19 20 22]  [9 10 8 9 10 8 9]
39, 43:  [19 20 23]  [9 10 9 10 8 9]
39, 44:  [19 20]  [9 10 11 9 10]
39, 45:  [19 20]  [10 11 9 10]
39, 46:  [19 20]  [10 11 9 10 11]
39, 47:  [19 20]  [10 11 10 11]
39, 48:  [19 20]  [10 11 12 10 11]
39, 49:  [19 20]  [11 12 10 11]
40, 40:  [20 21]  [8 9 10 8 9]
40, 41:  [20 21 22]  [9 10 8 9 8 9]
40, 42:  [20 21 22]  [9 10 8 9 10 8 9]
40, 43:  [20 21 23]  [9 10 9 10 8 9]
40, 44:  [20 21]  [9 10 11 9 10]
40, 45:  [20 21]  [10 11 9 10]
40, 46:  [20 21]  [10 11 9 10 11]
40, 47:  [20 21]  [10 11 10 11]
40, 48:  [20 21]  [10 11 12 10 11]
40, 49:  [20 21]  [11 12 10 11]
41, 41:  [20 21 22]  [9 10 8 9 8 9]
41, 42:  [20 21 22]  [9 10 8 9 10 8 9]
41, 43:  [20 21 22 23]  [9 10 9 10 8 9 8 9]
41, 44:  [20 21 23]  [9 10 11 9 10 8 9 10]
41, 45:  [20 21 24]  [10 11 9 10 9 10]
41, 46:  [20 21]  [10 11 9 10 11]
41, 47:  [20 21]  [10 11 10 11]
41, 48:  [20 21]  [10 11 12 10 11]
41, 49:  [20 21]  [11 12 10 11]
42, 42:  [21 22]  [9 10 8 9 10]
42, 43:  [21 22 23]  [9 10 9 10 8 9]
42, 44:  [21 22 23]  [9 10 11 9 10 8 9 10]
42, 45:  [21 22 24]  [10 11 9 10 9 10]
42, 46:  [21 22]  [10 11 9 10 11]
42, 47:  [21 22]  [10 11 10 11]
42, 48:  [21 22]  [10 11 12 10 11]
42, 49:  [21 22]  [11 12 10 11]
43, 43:  [21 22 23]  [9 10 9 10 8 9]
43, 44:  [21 22 23]  [9 10 11 9 10 8 9 10]
43, 45:  [21 22 23 24]  [10 11 9 10 9 10 8 9]
43, 46:  [21 22 24]  [10 11 9 10 11 9 10]
43, 47:  [21 22 25]  [10 11 10 11 9 10]
43, 48:  [21 22]  [10 11 12 10 11]
43, 49:  [21 22]  [11 12 10 11]
44, 44:  [22 23]  [9 10 11 9 10]
44, 45:  [22 23 24]  [10 11 9 10 9 10]
44, 46:  [22 23 24]  [10 11 9 10 11 9 10]
44, 47:  [22 23 25]  [10 11 10 11 9 10]
44, 48:  [22 23]  [10 11 12 10 11]
44, 49:  [22 23]  [11 12 10 11]
45, 45:  [22 23 24]  [10 11 9 10 9 10]
45, 46:  [22 23 24]  [10 11 9 10 11 9 10]
45, 47:  [22 23 24 25]  [10 11 10 11 9 10 9 10]
45, 48:  [22 23 25]  [10 11 12 10 11 9 10 11]
45, 49:  [22 23 26]  [11 12 10 11 10 11]
46, 46:  [23 24]  [10 11 9 10 11]
46, 47:  [23 24 25]  [10 11 10 11 9 10]
46, 48:  [23 24 25]  [10 11 12 10 11 9 10 11]
46, 49:  [23 24 26]  [11 12 10 11 10 11]
47, 47:  [23 24 25]  [10 11 10 11 9 10]
47, 48:  [23 24 25]  [10 11 12 10 11 9 10 11]
47, 49:  [23 24 25 26]  [11 12 10 11 10 11 9 10]
48, 48:  [24 25]  [10 11 12 10 11]
48, 49:  [24 25 26]  [11 12 10 11 10 11]
49, 49:  [24 25 26]  [11 12 10 11 10 11]
